# As ns H0 ombh2 omch2 tau
7.141989401400840309e-21 1.607745663637619175e-13 3.917643657963754556e-11 4.572446275562876966e-15 -8.809897555286795237e-14 1.686851390046392535e-12
1.607745663637619175e-13 1.646720228853738852e-05 2.790235848577994181e-03 2.149400269968501058e-07 -6.521500719878439141e-06 4.463881586713587627e-05
3.917643657963754556e-11 2.790235848577994181e-03 6.292923846398407184e-01 7.540402367388260904e-05 -1.407896425213533281e-03 1.040196089881723768e-02
4.572446275562876966e-15 2.149400269968501058e-07 7.540402367388260904e-05 1.822370775539352224e-08 -1.467149152545746769e-07 1.177899800521518710e-06
-8.809897555286795237e-14 -6.521500719878439141e-06 -1.407896425213533281e-03 -1.467149152545746769e-07 3.251020308606586825e-06 -2.355756008758053705e-05
1.686851390046392535e-12 4.463881586713587627e-05 1.040196089881723768e-02 1.177899800521518710e-06 -2.355756008758053705e-05 4.025573141520254672e-04
