# As ns H0 ombh2 omch2 tau
5.235025449513714485e-21 1.083214857028791468e-13 2.702632668213950826e-11 2.667765268819148612e-15 -6.359663428075492902e-14 1.351243912691828195e-12
1.083214857028791468e-13 1.372615955761360392e-05 2.113677844048616160e-03 1.181539739013840687e-07 -5.304022675320451774e-06 3.413787021511128974e-05
2.702632668213950826e-11 2.113677844048616160e-03 4.574160172174197014e-01 5.020480267003826698e-05 -1.078536784637625437e-03 7.897738040508122531e-03
2.667765268819148612e-15 1.181539739013840687e-07 5.020480267003826698e-05 1.429621040889143587e-08 -9.527045986851754374e-08 7.456581806903806989e-07
-6.359663428075492902e-14 -5.304022675320451774e-06 -1.078536784637625437e-03 -9.527045986851754374e-08 2.653722802316173281e-06 -1.880454138156870659e-05
1.351243912691828195e-12 3.413787021511128974e-05 7.897738040508122531e-03 7.456581806903806989e-07 -1.880454138156870659e-05 3.525821739057963321e-04
