# As ns H0 ombh2 omch2 tau
5.321048192328273836e-21 1.236262335309153695e-13 3.388382353872341076e-11 3.493031386919239053e-15 -7.809965407477476419e-14 1.321007615649533074e-12
1.236262335309153695e-13 1.731197345111815935e-05 2.759403374371752465e-03 1.318146582233554112e-07 -6.880588084917142080e-06 3.826126446270272560e-05
3.388382353872341076e-11 2.759403374371752465e-03 6.187776166416453227e-01 6.417549004933161395e-05 -1.445553394902049458e-03 9.568263857113620124e-03
3.493031386919239053e-15 1.318146582233554112e-07 6.417549004933161395e-05 1.928909966959391459e-08 -1.180500646427583082e-07 9.272758740340182633e-07
-7.809965407477476419e-14 -6.880588084917142080e-06 -1.445553394902049458e-03 -1.180500646427583082e-07 3.502906431373367135e-06 -2.235800821576478764e-05
1.321007615649533074e-12 3.826126446270272560e-05 9.568263857113620124e-03 9.272758740340182633e-07 -2.235800821576478764e-05 3.323881918157818756e-04
