# As ns H0 ombh2 omch2 tau
2.144981146169466173e-20 2.606864951828161334e-13 3.169446921872594482e-11 1.096464902211655224e-14 -5.606184695747444463e-14 4.924338861502781414e-12
2.606864951828161334e-13 4.462387208992156810e-05 5.778368646051816084e-03 1.042928823352733796e-06 -1.256926275044661153e-05 7.577211268949216993e-05
3.169446921872594482e-11 5.778368646051816084e-03 1.050018027418474276e+00 1.949536010344668404e-04 -2.221387822217422200e-03 9.792032779771753237e-03
1.096464902211655224e-14 1.042928823352733796e-06 1.949536010344668404e-04 6.095825092657585514e-08 -3.456588958206496193e-07 2.842058853190689134e-06
-5.606184695747444463e-14 -1.256926275044661153e-05 -2.221387822217422200e-03 -3.456588958206496193e-07 5.043982538914994935e-06 -1.889679539739628626e-05
4.924338861502781414e-12 7.577211268949216993e-05 9.792032779771753237e-03 2.842058853190689134e-06 -1.889679539739628626e-05 1.140091199877770129e-03
