# As ns H0 ombh2 omch2 tau
4.495199683817612054e-21 6.993715675505293696e-14 2.240710834657732987e-11 2.506177562606732166e-15 -4.895026936478437617e-14 1.077424599898740549e-12
6.993715675505293696e-14 1.395994930460162725e-05 2.059297650363835566e-03 5.828035631070450047e-08 -4.910269944401804105e-06 2.292073346817571238e-05
2.240710834657732987e-11 2.059297650363835566e-03 4.547750886560945061e-01 4.824243236748153584e-05 -1.006200506445881389e-03 6.305123759329999203e-03
2.506177562606732166e-15 5.828035631070450047e-08 4.824243236748153584e-05 1.713797537912606062e-08 -8.033847926514151386e-08 6.434416688906513445e-07
-4.895026936478437617e-14 -4.910269944401804105e-06 -1.006200506445881389e-03 -8.033847926514151386e-08 2.327778441303227643e-06 -1.400930183820617540e-05
1.077424599898740549e-12 2.292073346817571238e-05 6.305123759329999203e-03 6.434416688906513445e-07 -1.400930183820617540e-05 2.616096448895632951e-04
